548
6291
6573
7279
7357
7466
8347
10235
12582
16662
17977
18234
21865
22082
22273
23257
23797
24167
25061
26322
26504
26688
27419
27619
27785
30584
30746
31164
31695
34878
36375
36470
36949
37408
37708
37905
41194
44175
46017
46195
46842
47388
47867
48824
49339
49550
51203
53585
53681
54938
55008
56160
56407
58313
59455
60061
60477
61714
62131
63194
64911
65944
66002
66225
67034
68894
70962
71224
71679
74094
75302
76708
77440
78213
79286
79653
80324
81807
82198
82349
83118
84677
85809
86712
87357
88343
89216
89640
90016
90717
90923
91529
93521
95145
95565
95788
96168
97227
98157
98356
99126
100055
100168
100670
101217
102674
104473
104807
105468
107790
109270
110471
111753
112325
112775
113317
115174
115754
117971
121286
121350
123245
123624
124308
125105
125223
127219
127468
129739
129960
130059
130330
130977
131056
131519
132438
133163
133861
134460
134816
134912
135454
136496
136630
139113
139277
139372
140753
141389
141548
141911
142074
143358
143447
144376
145979
147020
150340
150382
150601
153868
154051
154468
158394
158519
160576
160948
166134
166247
169884
173052
173735
175607
175849
175934
176036
177043
177313
178296
178778
179210
179810
179937
180326
181770
183120
184735
184832
184924
185162
185421
188268
189311
190691
191046
191871
191939
192375
192476
192722
194433
195275
198024
198142
198498
200129
200710
201667
203402
204364
205945
207036
207181
207530
208264
208710
209620
211167
212761
214329
214637
215777
218395
219002
219687
220563
222959
223778
225424
225648
228645
232404
232653
234622
235088
238304
240146
242851
244440
244932
245050
245864
247180
248647
249781
250869
251987
252251
252738
254587
258324
258558
259885
260117
260119
261004
262997
264413
265806
266603
267060
269158
269486
270959
274078
275818
275988
278001
278266
281583
281956
282056
284946
285191
285290
286054
286648
287127
287656
288647
289960
291468
293083
293346
296022
301140
301379
303298
304585
304665
306775
306935
307177
309907
310547
311368
311750
312988
313259
314998
316134
316640
317320
320001
322813
323836
326353
327633
328628
330718
331102
331258
332351
334741
336399
337998
342386
342760
343036
343602
345970
346345
347417
348849
351235
351668
353060
355552
355962
356743
357058
357254
357651
357761
357939
360439
362573
362904
363034
364278
365081
366532
369988
370636
372693
376694
378302
378925
379044
379335
379580
380291
382903
383889
384117
384314
384339
385054
385420
386612
386710
387544
390255
390548
391152
393541
393543
393912
394934
395031
396198
396800
397685
399270
399315
400332
402321
403839
404850
405561
406167
407073
407241
408599
409167
409207
411569
412764
413710
416059
416389
419466
419802
419820
420594
420756
421763
421956
422525
422795
427202
427406
429502
429946
431771
432771
433318
433562
434869
434890
435711
441917
442114
445078
446368
448671
449929
451349
451551
452869
454028
454590
455413
457987
458210
459633
460856
462046
463534
464197
464559
464939
468749
469339
469811
471996
473228
473337
473675
474076
474152
477038
477493
478092
478913
479654
479766
479899
481113
481556
482317
483007
483272
483356
484511
485332
487398
488822
489177
490275
490404
490552
492083
493136
493139
495149
495726
496553
497225
497477
497649
498004
499379
499555
500049
501497
501966
502848
504658
504670
504800
505169
507023
507456
510625
511561
511862
511960
512329
513633
514086
514086
514812
518349
521371
521410
521943
523327
525020
525780
527408
527743
527801
528301
530066
530308
530339
531866
532498
532958
533228
533839
534700
534711
535549
536713
537608
539530
540922
541031
541655
542098
542660
542796
543285
543697
544673
544796
544969
545216
545783
545900
546425
548285
548804
549036
553006
553212
555538
556126
556843
558097
561349
561693
561794
562129
562931
563066
563709
565739
567480
568341
568819
569632
570061
570855
572020
572247
572824
573384
573876
574730
574913
575313
575576
575916
576384
577381
578030
583332
583850
584236
584579
585999
586237
586365
587289
588749
589252
591185
591777
593711
594747
596663
598519
598570
601505
601963
602879
605532
605868
606600
607107
608239
608509
608523
608785
609677
610452
610752
611287
611706
613328
613806
614312
615890
618672
619451
619608
619973
620434
620466
621539
622847
627115
627462
632453
633562
634503
635970
638635
639758
640509
641549
641995
642514
642550
644516
645028
645962
646222
648068
650558
650590
653077
654205
654400
655180
655228
655372
655695
655720
657967
657980
661476
662064
662128
663087
664720
665809
669227
669467
670228
670634
671633
671726
672167
672256
672643
674155
674535
676557
677829
681532
682865
684269
685809
687127
687533
688074
689468
689558
690078
692492
692705
694481
694517
695862
698128
698707
699865
701068
701385
701592
701868
702707
702823
702985
703212
705662
705939
706644
708632
710827
712293
712319
712907
713763
715986
715988
716588
717490
717643
718530
721638
722997
723140
725408
725710
726861
728669
730524
730897
731102
737398
738086
738856
739844
741081
742097
742391
742907
743296
743733
744745
747151
748400
751191
752349
752392
753298
755488
756319
756483
756581
756913
757236
758385
759006
759295
760772
762217
763431
765667
765766
765851
766264
767733
769768
769777
770374
771482
771640
772549
775456
776929
778367
778486
782334
784195
784931
785062
785266
785334
786481
788399
788822
788860
789224
790607
790856
793444
795253
795321
797843
798975
800265
800937
801794
803052
805029
805312
805382
806811
807689
809512
814458
814603
814980
818103
818652
819128
819199
822128
823065
824189
824212
825633
827016
827788
828962
829572
830522
830872
831148
831703
832027
832339
833286
834618
835086
835910
837801
839148
839275
841830
842937
843021
844364
845251
846833
847995
848083
848431
849100
850178
850335
850343
852511
853039
854112
854440
854691
855942
857536
857823
858341
858630
859086
859857
859858
859928
859936
860735
861980
862074
863138
864151
865125
865332
865405
865516
865648
865695
867465
867631
869045
870050
870743
872177
872279
873159
874788
878090
880997
881073
881366
881384
882668
883391
883992
884780
886012
886707
887295
887978
888043
888222
888277
888900
890157
891376
891603
893644
893748
894082
894488
895046
895314
899306
899780
900811
901120
901213
902406
904579
906148
906746
907811
907891
908790
909789
909814
910496
910707
910786
911327
911358
911535
911940
913721
915860
916844
919790
920789
921122
925398
925797
926715
926919
927065
927244
927358
927432
928259
929289
929486
930564
932237
932391
932735
935752
937220
938215
939227
939867
940778
940848
944993
945454
946714
947214
950265
950273
951143
951444
951553
953133
954070
954536
956738
957676
958816
960061
960253
961599
962407
963114
964054
964375
964457
964812
965197
965490
965767
966355
967861
970078
971710
972638
972950
975434
975550
977323
977713
977830
978218
978905
979075
982126
983313
983440
984934
986547
986679
987297
987347
989741
991104
991545
991744
991931
992513
993011
993779
994644
995393
996099
999319
999779
